    Year    Month          VRP         EVRP           IV           RV          ERV
    1990        1      35.9054      35.9054      53.5941      17.6888      17.6888
    1990        2      32.9177      15.4100      40.2967       7.3790      24.8867
    1990        3      26.5978      16.1253      32.4394       5.8416      16.3141
    1990        4      26.2753      18.7307      31.7525       5.4773      13.0218
    1990        5      19.2201      12.4986      25.1431       5.9229      12.6445
    1990        6      13.0796       9.4687      20.0208       6.9412      10.5521
    1990        7      26.9870      27.9436      37.1360      10.1490       9.1925
    1990        8      51.0203      58.1919      74.5008      23.4805      16.3089
    1990        9      57.6982      36.3070      70.6160      12.9178      34.3090
    1990       10      52.1602      46.3353      75.2001      23.0400      28.8649
    1990       11      30.4216       6.5449      40.9221      10.5006      34.3772
    1990       12      50.2439      40.2482      57.9920       7.7481      17.7438
    1991        1      19.8734      13.9114      36.4357      16.5623      22.5243
    1991        2      24.7257      18.9937      37.5594      12.8337      18.5657
    1991        3      14.9701       6.2452      23.7445       8.7745      17.4993
    1991        4      18.0895      16.5420      27.7248       9.6353      11.1828
    1991        5      14.6129       8.2646      21.1471       6.5342      12.8825
    1991        6      26.4061      22.4301      31.8502       5.4441       9.4201
    1991        7      12.7010       6.5376      19.2027       6.5017      12.6651
    1991        8       9.5733       8.6834      17.4243       7.8510       8.7409
    1991        9      16.4127      12.2787      20.9352       4.5225       8.6565
    1991       10      15.0544      11.4049      19.9692       4.9148       8.5643
    1991       11      24.8364      25.8198      34.2056       9.3693       8.3858
    1991       12      22.9771      16.0723      31.0730       8.0959      15.0007
    1992        1      17.0722      11.7990      25.2300       8.1578      13.4310
    1992        2      18.2210      11.7332      23.1852       4.9642      11.4520
    1992        3      17.3270      12.3084      21.8160       4.4891       9.5076
    1992        4      13.3759      11.2452      20.0984       6.7225       8.8532
    1992        5      12.2742       6.8744      16.0083       3.7341       9.1339
    1992        6      10.3259       8.2837      14.8519       4.5260       6.5682
    1992        7       9.6272       7.9740      14.4541       4.8269       6.4801
    1992        8      11.7631       8.9072      15.3680       3.6049       6.4609
    1992        9      13.9343      10.6947      16.9932       3.0589       6.2985
    1992       10      14.4022      15.0922      21.7352       7.3330       6.6430
    1992       11      11.2196       4.1723      14.1050       2.8854       9.9327
    1992       12      10.2534       7.5818      13.1671       2.9137       5.5853
    1993        1       9.4876       7.5799      12.8547       3.3671       5.2748
    1993        2       9.3831       9.0879      14.4321       5.0490       5.3442
    1993        3       7.9175       6.5436      13.0834       5.1659       6.5398
    1993        4       8.0936       6.7318      12.8547       4.7611       6.1229
    1993        5      10.7938       9.2332      15.1201       4.3263       5.8869
    1993        6       7.3938       4.0714      10.5656       3.1719       6.4943
    1993        7       8.7477       6.9826      11.4661       2.7184       4.4834
    1993        8       9.4471       7.0863      11.7019       2.2547       4.6156
    1993        9      10.4017       9.5458      14.0617       3.6600       4.5159
    1993       10       8.5069       5.0723      10.9443       2.4374       5.8720
    1993       11      12.1877      11.4508      15.7781       3.5904       4.3273
    1993       12       9.6009       4.8962      11.3296       1.7288       6.4334
    1994        1       7.3580       5.2329       9.4164       2.0584       4.1835
    1994        2      14.4292      14.7705      18.4264       3.9972       3.6560
    1994        3      27.0343      27.3505      34.8502       7.8160       7.4997
    1994        4       8.0452       1.1841      15.8011       7.7559      14.6170
    1994        5       9.6803       6.0854      14.1484       4.4681       8.0630
    1994        6      14.6630      12.4587      18.6751       4.0121       6.2164
    1994        7       7.8015       2.7323      10.3231       2.5216       7.5907
    1994        8       9.0176       7.7930      11.9401       2.9225       4.1471
    1994        9      13.3732      12.1357      16.9932       3.6200       4.8575
    1994       10      12.8008      10.8047      17.6661       4.8654       6.8615
    1994       11      14.5262      13.6232      21.2002       6.6740       7.5770
    1994       12      10.4366       5.0273      14.5200       4.0834       9.4927
    1995        1       9.1658       5.7261      11.9201       2.7543       6.1940
    1995        2       9.4248       6.7200      11.5052       2.0804       4.7852
    1995        3      11.0168      10.5158      14.8964       3.8796       4.3806
    1995        4       8.9891       5.2615      11.5052       2.5161       6.2437
    1995        5       9.2506       9.2100      13.7602       4.5096       4.5502
    1995        6       6.2258       4.6926      10.7920       4.5662       6.0995
    1995        7      10.2589      10.0611      15.1650       4.9061       5.1039
    1995        8       7.4287       4.3238      11.0592       3.6305       6.7354
    1995        9      10.6570       8.6944      13.5256       2.8687       4.8312
    1995       10      11.5482      10.5589      15.9391       4.3909       5.3802
    1995       11       8.5363       4.3745      11.1747       2.6384       6.8002
    1995       12       9.2318       8.5780      13.0625       3.8307       4.4846
    1996        1       6.2807       7.4875      13.0834       6.8027       5.5960
    1996        2      15.4671      17.4366      24.1968       8.7297       6.7602
    1996        3      18.9536      18.3841      29.7045      10.7509      11.3204
    1996        4      14.1619       6.8869      20.8824       6.7205      13.9955
    1996        5      14.2560      12.1185      21.5204       7.2644       9.4019
    1996        6      10.4794       5.7628      15.5952       5.1158       9.8324
    1996        7      13.3234      24.5931      31.5576      18.2343       6.9645
    1996        8      19.5613       6.5674      24.1117       4.5503      17.5443
    1996        9      18.2089      14.2778      23.9419       5.7330       9.6641
    1996       10      22.4557      17.2647      27.3310       4.8753      10.0663
    1996       11      19.6608      13.5873      24.4816       4.8208      10.8943
    1996       12      25.1198      26.5743      36.4705      11.3508       9.8963
    1997        1      18.5619      15.0414      31.5901      13.0282      16.5487
    1997        2      27.3941      21.5723      37.1008       9.7068      15.5285
    1997        3      28.2277      24.7236      40.8483      12.6206      16.1247
    1997        4      18.0430      14.9898      33.5336      15.4906      18.5439
    1997        5      16.7757      13.5345      30.6880      13.9123      17.1535
    1997        6      27.5567      23.0649      38.6284      11.0717      15.5635
    1997        7      24.8431      21.2694      38.4492      13.6061      17.1798
    1997        8      28.4250      32.9831      51.0881      22.6631      18.1051
    1997        9      30.3751      17.7748      43.7390      13.3639      25.9642
    1997       10      64.1708      82.7847     102.6090      38.4382      19.8243
    1997       11      46.3770      12.9317      62.7004      16.3234      49.7687
    1997       12      34.0974      20.5630      48.0400      13.9426      27.4770
    1998        1      22.6180      16.8893      38.4134      15.7954      21.5241
    1998        2      21.2434       9.7301      28.6752       7.4318      18.9452
    1998        3      41.0088      36.5336      48.8840       7.8752      12.3505
    1998        4      27.3293      17.9314      37.3827      10.0534      19.4513
    1998        5      28.0328      21.5223      37.8785       9.8457      16.3563
    1998        6      18.8789      15.9283      32.3737      13.4947      16.4454
    1998        7      37.6684      35.2745      51.2533      13.5850      15.9788
    1998        8     115.8531     140.9067     163.3932      47.5401      22.4865
    1998        9      71.2983      65.5909     139.7419      68.4436      74.1510
    1998       10      12.0462      -8.6139      65.5669      53.5207      74.1808
    1998       11      43.6925      13.4352      56.3767      12.6842      42.9415
    1998       12      32.2986      25.8025      49.6947      17.3961      23.8922
    1999        1      33.8067      33.9860      57.4219      23.6152      23.4359
    1999        2      39.5440      36.2683      64.7745      25.2306      28.5063
    1999        3      24.9518      13.4298      45.0856      20.1338      31.6559
    1999        4      29.5311      29.4538      52.3754      22.8443      22.9216
    1999        5      28.6386      27.2450      53.7210      25.0824      26.4761
    1999        6      20.7194       9.2570      37.0657      16.3462      27.8087
    1999        7      38.3755      31.8966      50.5941      12.2187      18.6975
    1999        8      31.0145      28.0883      49.8169      18.8024      21.7286
    1999        9      32.0597      29.7804      53.8057      21.7460      24.0253
    1999       10      15.9112      14.5312      41.0700      25.1588      26.5388
    1999       11      33.9662      25.2214      48.7227      14.7565      23.5013
    1999       12      35.7088      28.5191      50.5941      14.8853      22.0750
    2000        1      23.8921      29.1085      51.8752      27.9831      22.7667
    2000        2      18.8877      17.2079      45.5131      26.6254      28.3052
    2000        3      10.4004      22.8455      48.4410      38.0406      25.5955
    2000        4      -9.7240      26.1599      57.2033      66.9273      31.0435
    2000        5      10.8624       1.3165      46.6102      35.7478      45.2937
    2000        6      13.1297       2.2944      31.8176      18.6880      29.5232
    2000        7      22.2400      18.0356      35.8456      13.6056      17.8100
    2000        8      12.9085       6.4198      23.6321      10.7236      17.2123
    2000        9      16.0563      23.3573      35.2604      19.2041      11.9031
    2000       10       0.7567      27.3401      46.5314      45.7747      19.1913
    2000       11      37.4267      39.8603      73.2602      35.8335      33.3999
    2000       12      24.7904      21.3839      60.0769      35.2865      38.6930
    2001        1       5.2306       6.4463      40.4067      35.1761      33.9604
    2001        2      42.2919      39.8030      66.9769      24.6850      27.1739
    2001        3      13.2787      36.1556      68.3541      55.0755      32.1985
    2001        4      13.9733       9.6001      54.1025      40.1292      44.5024
    2001        5      23.6240       8.9166      42.7141      19.0901      33.7976
    2001        6      12.7123       8.5714      30.2736      17.5613      21.7023
    2001        7      23.0576      22.1099      38.9520      15.8944      16.8421
    2001        8      34.0391      32.5822      51.7505      17.7114      19.1683
    2001        9      35.7210      60.6969      84.9604      49.2394      24.2635
    2001       10      58.3443      45.9327      93.8561      35.5118      47.9234
    2001       11      25.1728       1.7335      47.3621      22.1893      45.6287
    2001       12      35.7873      22.7010      47.2033      11.4161      24.5023
    2002        1      20.8956      16.8121      37.0657      16.1701      20.2536
    2002        2      19.4193      20.2151      38.8440      19.4247      18.6290
    2002        3      11.5046       4.7243      25.2300      13.7254      20.5057
    2002        4      24.6613      26.3844      40.0040      15.3427      13.6196
    2002        5      14.5732      13.9525      33.2667      18.6935      19.3142
    2002        6      15.5733      35.4543      53.7633      38.1900      18.3090
    2002        7     -21.8967      52.5671      85.4934     107.3901      32.9263
    2002        8      29.5560      18.0352      88.7808      59.2248      70.7456
    2002        9      80.6108      78.1540     131.2747      50.6639      53.1207
    2002       10      -0.0970      16.4524      80.8083      80.9053      64.3559
    2002       11      31.6829       4.1926      63.0208      31.3380      58.8282
    2002       12      43.3278      34.8263      68.2587      24.9309      33.4324
    2003        1      55.7305      48.2304      80.9641      25.2335      32.7337
    2003        2      46.5227      35.9541      73.1614      26.6387      37.2073
    2003        3      34.7469      35.7308      70.8102      36.0633      35.0794
    2003        4      12.8601      -0.4538      37.4887      24.6286      37.9425
    2003        5      14.8049       9.5230      31.5901      16.7851      22.0671
    2003        6      14.3919      14.7613      31.7525      17.3606      16.9912
    2003        7       9.9036      14.3840      31.6550      21.7514      17.2710
    2003        8      15.2008       9.9761      28.9231      13.7223      18.9470
    2003        9      30.5595      28.1321      43.0165      12.4570      14.8845
    2003       10       6.8398       2.3773      21.6008      14.7610      19.2235
    2003       11      13.5734       9.4166      22.1952       8.6218      12.7786
    2003       12      20.7938      17.3458      27.9380       7.1442      10.5922
    2004        1      14.0860      11.0607      23.0464       8.9604      11.9857
    2004        2       9.8728       6.6260      17.6419       7.7691      11.0158
    2004        3       9.4462      14.6531      23.3523      13.9061       8.6992
    2004        4      13.4427      11.5785      24.6247      11.1820      13.0462
    2004        5       5.2403       7.5990      20.0208      14.7805      12.4218
    2004        6      10.6631       4.8918      17.1363       6.4732      12.2445
    2004        7      10.0533      11.5372      19.5585       9.5052       8.0214
    2004        8      10.4318       9.4498      19.4820       9.0502      10.0322
    2004        9       9.0262       5.0008      14.8296       5.8034       9.8288
    2004       10      14.1218      15.0896      22.0594       7.9376       6.9698
    2004       11       6.6873       4.3289      14.6081       7.9209      10.2793
    2004       12       8.9618       7.0005      14.7187       5.7568       7.7182
    2005        1       5.7193       6.7824      13.6960       7.9767       6.9136
    2005        2       7.5783       4.7333      12.1605       4.5822       7.4273
    2005        3       8.7577      10.8007      16.3800       7.6223       5.5793
    2005        4       7.8733      11.3236      19.5330      11.6597       8.2094
    2005        5       6.8200       3.8565      14.7187       7.8987      10.8622
    2005        6       5.9874       4.3326      12.0801       6.0928       7.7475
    2005        7       5.2186       5.0156      11.1554       5.9368       6.1398
    2005        8       6.5591       7.4679      13.2300       6.6709       5.7621
    2005        9       5.3559       5.0814      11.8405       6.4846       6.7591
    2005       10       7.0583      13.3483      19.5585      12.5003       6.2103
    2005       11       6.8256       0.9221      12.1203       5.2947      11.1982
    2005       12       7.1476       6.2975      12.1404       4.9928       5.8429
    2006        1       6.9877       8.2430      13.9752       6.9875       5.7323
    2006        2       7.2603       5.5518      12.6896       5.4294       7.1379
    2006        3       5.1758       4.7205      10.8110       5.6352       6.0905
    2006        4       3.9782       5.6674      11.1940       7.2158       5.5266
    2006        5      10.6306      16.2495      22.5228      11.8922       6.2733
    2006        6       0.0714       2.2795      14.2572      14.1858      11.9777
    2006        7       8.5007       8.5882      18.6252      10.1246      10.0370
    2006        8       4.0997       2.6747      12.6280       8.5283       9.9533
    2006        9       6.9885       4.6842      11.9600       4.9715       7.2759
    2006       10       5.4026       4.6054      10.2675       4.8649       5.6621
    2006       11       4.3349       4.8786       9.9190       5.5842       5.0404
    2006       12       6.9593       5.9352      11.1361       4.1768       5.2009
    2007        1       3.8813       3.9778       9.0480       5.1668       5.0703
    2007        2      12.8325      15.0749      19.8147       6.9822       4.7398
    2007        3       0.6281       8.7231      17.8608      17.2327       9.1377
    2007        4      12.0013       4.3921      16.8507       4.8494      12.4586
    2007        5       7.8009       6.9006      14.1919       6.3910       7.2913
    2007        6      10.6360      14.9712      21.9511      11.3151       6.9799
    2007        7      28.7886      34.5421      46.0992      17.3106      11.5571
    2007        8      -1.5016      23.3821      45.5520      47.0536      22.1700
    2007        9      11.9168      -6.5620      27.0000      15.0832      33.5620
    2007       10      11.6295      13.8584      28.6134      16.9839      14.7550
    2007       11       2.8071      27.5383      43.5864      40.7793      16.0481
    2007       12      18.1362      11.7421      42.1875      24.0513      30.4454
    2008        1     -24.1685      33.7501      57.2033      81.3718      23.4532
    2008        2      26.2320       7.7803      58.6976      32.4656      50.9173
    2008        3       3.2104      22.2667      54.6560      51.4456      32.3893
    2008        4      13.4642      -2.3744      36.0187      22.5544      38.3930
    2008        5      13.2069       5.7368      26.4924      13.2855      20.7556
    2008        6      24.1558      33.9191      47.8002      23.6444      13.8811
    2008        7       2.8660      18.6346      43.8536      40.9876      25.2190
    2008        8      15.7629       4.9171      35.5352      19.7723      30.6181
    2008        9      -9.4708     109.7910     129.2977     138.7684      19.5067
    2008       10    -218.5638     200.9217     298.9010     517.4648      97.9793
    2008       11       8.3060     -48.9033     254.6565     246.3506     303.5598
    2008       12     -11.3457     -49.5071     133.3333     144.6790     182.8404
    2009        1      70.8220      65.8882     167.5521      96.7301     101.6640
    2009        2      77.8161      84.2993     179.0269     101.2108      94.7276
    2009        3      31.0030      61.9557     162.3616     131.3586     100.4059
    2009        4      38.9557       4.5910     111.0208      72.0651     106.4298
    2009        5      21.9618       3.9529      69.6972      47.7354      65.7443
    2009        6      24.9186      15.7550      57.8602      32.9416      42.1052
    2009        7      26.3099      23.6997      55.9872      29.6773      32.2875
    2009        8      32.8870      26.0022      56.3767      23.4897      30.3745
    2009        9      36.5844      26.5570      54.6560      18.0716      28.0991
    2009       10      54.9727      53.0899      78.4897      23.5169      25.3998
    2009       11      24.6335      14.3710      50.0617      25.4282      35.6907
    2009       12      25.7780      12.4797      39.1685      13.3905      26.6888
    2010        1      35.8021      32.2443      50.5120      14.7099      18.2677
    2010        2       8.9274       9.0172      31.6875      22.7601      22.6703
    2010        3      16.6244       6.4332      25.7840       9.1596      19.3508
    2010        4      27.6992      28.4849      40.5169      12.8177      12.0319
    2010        5      -4.9741      67.2001      85.7071      90.6811      18.5070
    2010        6      59.3896      35.1040      99.4176      40.0280      64.3136
    2010        7      14.9573      -3.2727      46.0208      31.0635      49.2936
    2010        8      29.0573      29.0528      56.5502      27.4929      27.4974
    2010        9      28.2687      17.0904      46.8075      18.5388      29.7171
    2010       10      22.6484      14.5624      37.4533      14.8050      22.8910
    2010       11      26.8168      27.9472      46.1776      19.3608      18.2304
    2010       12      18.6383       3.2601      26.2552       7.6169      22.9951
    2011        1      24.2112      20.1922      31.7851       7.5739      11.5929
    2011        2      18.6508      14.5883      28.0602       9.4094      13.4719
    2011        3      -1.7329      13.3161      26.2256      27.9585      12.9095
    2011        4       7.4707      -1.3720      18.1302      10.6595      19.5022
    2011        5       5.4421       9.8999      19.8919      14.4498       9.9919
    2011        6       5.3640      10.6710      22.7425      17.3785      12.0715
    2011        7      36.5825      38.9412      53.1302      16.5477      14.1890
    2011        8     -38.6148      59.0353      83.3187     121.9335      24.2834
    2011        9      77.2966      78.1347     153.7968      76.5002      75.6621
    2011       10      19.8831      -7.3358      74.8001      54.9171      82.1359
    2011       11       2.5655      17.7527      64.4033      61.8379      46.6506
    2011       12      22.1362      -0.1507      45.6300      23.4938      45.7807
    2012        1      17.5015       7.0764      31.4928      13.9913      24.4164
    2012        2      19.9323      12.4352      28.3054       8.3731      15.8702
    2012        3      11.2778       7.4307      20.0208       8.7430      12.5901
    2012        4      11.1367      14.6163      24.5102      13.3736       9.8939
    2012        5      30.2724      35.0045      48.2403      17.9679      13.2358
    2012        6       4.5996       1.1506      24.3105      19.7109      23.1599
    2012        7      13.6199      14.2274      29.8621      16.2422      15.6346
    2012        8      15.3676       9.2460      25.4334      10.0658      16.1874
    2012        9      14.0605       8.3549      20.6194       6.5589      12.2645
    2012       10      17.6835      19.5812      28.8300      11.1465       9.2488
    2012       11       5.7418       7.1383      20.9881      15.2462      13.8497
    2012       12      17.9280      14.3026      27.0600       9.1320      12.7574
    2013        1       8.8522       4.5346      16.9932       8.1410      12.4586
    2013        2      13.4413      11.4251      20.0467       6.6054       8.6216
    2013        3       5.4056       4.3702      13.4408       8.0352       9.0706
    2013        4       2.8809       7.8700      15.2325      12.3516       7.3626
    2013        5      11.2259      12.4836      22.1408      10.9150       9.6573
    2013        6       4.4336      12.2220      23.6883      19.2547      11.4663
    2013        7       6.9345      -0.1685      15.0752       8.1407      15.2437
    2013        8      16.0349      16.1477      24.1117       8.0767       7.9639
    2013        9      14.5738      11.9263      22.9633       8.3895      11.0370
    2013       10       5.6800       4.9901      15.7552      10.0752      10.7651
    2013       11      11.1871       6.6906      15.6408       4.4538       8.9502
    2013       12       9.5654       8.9641      15.6865       6.1211       6.7224
    2014        1      18.5216      20.8568      28.2440       9.7224       7.3873
    2014        2       9.1573       3.2389      16.3333       7.1760      13.0944
    2014        3       5.2474       8.0348      16.0545      10.8071       8.0197
    2014        4       5.5559       5.6479      14.9857       9.4298       9.3378
    2014        5       5.3777       2.3949      10.8300       5.4523       8.4351
    2014        6       8.2195       5.6935      11.1554       2.9359       5.4619
    2014        7      17.2004      19.3481      23.9419       6.7415       4.5937
    2014        8       5.5348       1.5011      11.9600       6.4252      10.4590
    2014        9      15.8906      15.9399      22.1680       6.2774       6.2281
    2014       10     -10.8885       6.7333      16.4034      27.2919       9.6702
    2014       11      10.9088      -1.0679      14.8074       3.8986      15.8753
    2014       12      17.5331      24.4994      30.7200      13.1869       6.2206

